
BOARD_START
/*
ID=060610201013110030121200102012322032020200
*/
6 6
3 2 0 2 0 2
1 2 3 2 2 0
0 0 1 0 2 0
3 0 1 2 1 2
1 3 1 1 0 0
1 0 2 0 1 0
2
4 4
4 1
0 3
2 5

BOARD_START
/*
ID=060600030013302111002212203010230130222000
*/
6 6
3 0 2 2 2 0
1 0 2 3 0 1
1 2 2 0 3 0
1 1 0 0 2 2
1 3 3 0 2 1
0 0 0 3 0 0
2
3 4
1 4
2 4
4 2

BOARD_START
/*
ID=060602012010121211223001122032212220002000
*/
6 6
2 0 0 0 2 0
3 2 2 1 2 2
0 1 1 2 2 0
1 1 2 2 3 0
1 0 1 2 1 2
0 2 0 1 2 0
2
0 0
1 3
4 3
2 4

BOARD_START
/*
ID=060610201013032311212010221110222133222200
*/
6 6
3 3 2 2 2 2
1 0 2 2 2 1
1 0 2 2 1 1
1 1 2 1 2 0
1 3 0 3 2 3
1 0 2 0 1 0
2
4 3
3 4
2 5
0 4

BOARD_START
/*
ID=060600201032123110010102222000120202220000
*/
6 6
0 2 2 2 0 0
0 0 1 2 0 2
0 2 2 2 2 0
1 0 0 1 0 1
3 2 1 2 3 1
0 0 2 0 1 0
2
1 2
0 3
0 0
4 5

BOARD_START
/*
ID=060612101013210120013112030110221120020200
*/
6 6
2 0 0 2 0 2
1 0 2 2 1 1
1 2 0 3 0 1
2 0 0 1 3 1
1 3 2 1 0 1
1 2 1 0 1 0
2
0 0
2 2
4 3
3 4

BOARD_START
/*
ID=060632002002302110121212323013001032232000
*/
6 6
3 2 2 3 2 0
1 3 0 0 1 0
1 2 3 2 3 0
1 0 1 2 1 2
0 2 3 0 2 1
3 2 0 0 2 0
2
1 0
0 0
2 2
5 0

BOARD_START
/*
ID=060632022012110111213210030030101132232200
*/
6 6
3 2 2 3 2 2
3 0 1 0 1 1
1 0 0 3 0 0
1 1 2 1 3 2
1 2 1 1 0 1
3 2 0 2 2 0
2
0 0
5 0
0 5
1 3

BOARD_START
/*
ID=060600112013320232203000230111220132202200
*/
6 6
3 2 2 0 2 2
1 1 2 2 0 1
0 0 2 3 0 1
3 2 2 0 3 0
1 3 3 2 0 2
0 0 1 1 2 0
2
0 0
5 5
5 2
2 4

BOARD_START
/*
ID=060610022000320100012302032000112003203200
*/
6 6
0 3 2 0 3 2
0 0 1 1 2 0
0 2 0 3 2 0
0 0 0 1 2 3
0 0 3 2 0 1
1 0 0 2 2 0
2
0 1
0 2
4 3
4 1

BOARD_START
/*
ID=060610022013201230103200320010021232320200
*/
6 6
3 2 3 2 0 2
1 0 0 2 1 2
0 0 3 2 0 0
3 0 1 0 3 2
1 3 2 0 1 2
1 0 0 2 2 0
2
2 5
0 0
5 5
3 2

BOARD_START
/*
ID=060610201031120112302100001211133002020200
*/
6 6
0 2 0 2 0 2
1 1 1 3 3 0
0 0 0 0 1 2
1 2 3 0 2 1
3 1 1 2 0 1
1 0 2 0 1 0
2
4 5
0 3
5 4
0 2

BOARD_START
/*
ID=060612022001130230101012101132032102222200
*/
6 6
0 2 2 2 2 2
3 2 0 3 2 1
1 2 1 0 1 1
3 0 1 0 1 0
0 1 1 3 0 2
1 2 0 2 2 0
2
1 3
1 0
5 3
2 0

BOARD_START
/*
ID=060612012011321213022010322013001232320200
*/
6 6
3 2 3 2 0 2
1 3 0 0 1 2
1 0 3 2 2 0
1 3 0 2 2 0
1 1 3 2 1 2
1 2 0 1 2 0
2
5 1
1 2
4 3
4 5

BOARD_START
/*
ID=060602012032321010102110030113001132013200
*/
6 6
3 2 0 1 3 2
1 3 0 0 1 1
1 0 0 3 0 1
1 0 1 0 2 1
3 2 3 2 1 0
0 2 0 1 2 0
2
0 1
4 1
2 3
1 3

BOARD_START
/*
ID=060610100103102111232002010201010032120300
*/
6 6
3 2 1 2 0 3
0 1 0 1 0 0
0 2 0 1 0 2
1 1 2 3 2 0
0 3 1 0 2 1
1 0 1 0 0 1
2
0 5
5 3
0 0
2 2

BOARD_START
/*
ID=060612212010011012321230122112110132023000
*/
6 6
3 2 0 2 3 0
1 2 1 1 0 1
3 0 1 2 2 1
1 2 3 2 1 2
1 0 0 1 1 0
1 2 2 1 2 0
2
4 3
3 0
0 1
5 4

BOARD_START
/*
ID=060612010010321211101130132100320101222200
*/
6 6
0 1 2 2 2 2
0 0 3 2 0 1
3 0 1 3 2 1
1 1 1 0 1 1
1 0 3 2 1 2
1 2 0 1 0 0
2
1 1
4 4
2 5
0 5

BOARD_START
/*
ID=060612001011120110000130101210303032232200
*/
6 6
3 2 2 3 2 2
1 0 3 0 3 0
3 0 1 0 1 2
1 0 0 0 0 1
1 1 1 2 0 1
1 2 0 0 1 0
2
2 3
3 3
0 5
2 4

BOARD_START
/*
ID=060602012032100130003112230002021202320200
*/
6 6
0 2 3 2 0 2
0 2 0 2 1 2
1 2 2 3 0 0
3 0 0 0 3 1
3 2 1 0 0 1
0 2 0 1 2 0
2
5 3
3 3
4 3
0 0

BOARD_START
/*
ID=060612012010230110002330032000120102200200
*/
6 6
0 2 2 0 0 2
0 0 1 2 0 1
3 0 0 3 2 0
1 0 0 0 2 3
1 0 2 3 0 1
1 2 0 1 2 0
2
0 5
1 0
1 4
0 3

BOARD_START
/*
ID=060612002013211230123013210212103022220000
*/
6 6
2 2 2 2 0 0
1 2 1 0 3 0
1 3 2 1 0 2
3 0 1 2 3 0
1 3 2 1 1 2
1 2 0 0 2 0
2
3 0
2 1
0 0
3 5

BOARD_START
/*
ID=060610101013132330320000003013200032222200
*/
6 6
3 2 2 2 2 2
1 3 2 0 0 0
0 0 0 0 3 0
3 0 3 2 0 0
1 3 1 3 2 3
1 0 1 0 1 0
2
3 3
1 1
0 4
5 3

BOARD_START
/*
ID=060612201232123010322003222210220032220000
*/
6 6
3 2 2 2 0 0
1 0 2 2 0 0
0 3 2 2 2 2
1 0 3 2 2 0
3 2 1 2 3 0
1 2 2 0 1 2
2
4 3
0 0
2 1
1 4

BOARD_START
/*
ID=060612012003211210223013001230023032002200
*/
6 6
3 2 0 0 2 2
3 0 0 2 3 0
1 3 0 0 1 2
1 0 2 2 3 0
0 3 2 1 1 2
1 2 0 1 2 0
2
3 4
5 0
0 2
3 1

BOARD_START
/*
ID=060610203011121032112210032003212032203000
*/
6 6
3 2 2 0 3 0
0 3 2 1 2 0
1 0 0 3 2 0
3 2 1 1 2 2
1 1 1 2 1 0
1 0 2 0 3 0
2
0 0
1 5
0 1
0 5

BOARD_START
/*
ID=060600201010032130112213210212013002222000
*/
6 6
0 2 2 2 2 0
1 2 0 1 3 0
1 3 2 1 0 2
3 0 1 1 2 2
1 0 0 3 2 1
0 0 2 0 1 0
2
5 1
1 4
0 1
5 3

BOARD_START
/*
ID=060612203032121001212113220210012112302200
*/
6 6
1 2 3 0 2 2
1 0 0 1 2 1
1 3 2 2 0 2
0 1 2 1 2 1
3 2 1 2 1 0
1 2 2 0 3 0
2
1 2
3 5
4 3
1 1

BOARD_START
/*
ID=060612201003221211203002111011011112322200
*/
6 6
1 2 3 2 2 2
1 1 0 1 1 1
0 2 1 1 1 0
1 1 2 0 3 0
0 3 2 2 1 2
1 2 2 0 1 0
2
1 2
2 3
2 5
0 5

BOARD_START
/*
ID=060612103003232010012220321011000102222000
*/
6 6
0 2 2 2 2 0
1 1 0 0 0 1
2 0 3 2 1 0
1 0 0 1 2 2
0 3 2 3 2 0
1 2 1 0 3 0
2
0 2
0 1
0 3
3 1

BOARD_START
/*
ID=060610101003132110201211220032121102222200
*/
6 6
0 2 2 2 2 2
3 2 1 2 1 1
1 1 2 2 0 0
1 0 2 0 1 2
0 3 1 3 2 1
1 0 1 0 1 0
2
2 1
5 5
5 3
0 3

BOARD_START
/*
ID=060610032013301010032130001212120132022200
*/
6 6
3 2 0 2 2 2
1 2 1 2 0 1
3 0 0 0 1 2
1 0 0 3 2 1
1 3 3 0 1 0
1 0 0 3 2 0
2
0 5
4 2
0 3
4 0

BOARD_START
/*
ID=060612103013202011220103010012210012223000
*/
6 6
1 2 2 2 3 0
1 2 2 1 0 0
0 3 0 1 0 0
1 1 2 2 0 1
1 3 2 0 2 0
1 2 1 0 3 0
2
0 2
5 1
0 3
5 0

BOARD_START
/*
ID=060612203013030012112030212212123002002200
*/
6 6
0 2 0 0 2 2
1 2 1 2 3 0
3 0 2 1 2 2
1 2 1 1 2 0
1 3 0 3 0 0
1 2 2 0 3 0
2
4 4
1 3
4 5
0 0

BOARD_START
/*
ID=060610101013332130201210013010301032222300
*/
6 6
3 2 2 2 2 3
1 0 3 0 1 0
1 0 0 1 3 0
3 0 2 0 1 2
1 3 3 3 2 1
1 0 1 0 1 0
2
0 0
0 4
0 2
2 0

BOARD_START
/*
ID=060602222011002101032213222002010132323200
*/
6 6
3 2 3 2 3 2
0 2 0 1 0 1
1 3 2 2 2 0
0 1 0 3 2 2
1 1 0 0 2 1
0 2 2 2 2 0
2
3 3
1 5
1 1
2 5

BOARD_START
/*
ID=060610100111012012200130112002111232232000
*/
6 6
3 2 2 3 2 0
0 2 1 1 1 2
3 0 1 1 2 0
1 2 2 0 0 1
1 1 0 1 2 0
1 0 1 0 0 1
2
4 0
4 1
5 1
2 4

BOARD_START
/*
ID=060602220032103011200112110101013102230200
*/
6 6
0 2 2 3 0 2
0 1 0 1 3 1
1 2 1 1 0 1
1 1 2 0 0 1
3 2 1 0 3 0
0 2 2 2 0 0
2
0 4
1 2
1 1
2 0

BOARD_START
/*
ID=060612012013231030102012301211011132300200
*/
6 6
3 2 3 0 0 2
1 1 0 1 1 1
1 2 3 0 1 2
3 0 1 0 2 0
1 3 2 3 1 0
1 2 0 1 2 0
2
3 0
5 0
3 4
1 1

BOARD_START
/*
ID=060612220122301132000002200111200202220200
*/
6 6
0 2 2 2 0 2
1 1 2 0 0 2
0 2 2 0 0 1
3 2 0 0 0 0
2 2 3 0 1 1
1 2 2 2 0 1
2
4 2
0 4
2 0
1 1

BOARD_START
/*
ID=060602001011110131001002132100310132203200
*/
6 6
3 2 2 0 3 2
0 0 3 1 0 1
0 2 1 3 2 1
3 1 0 0 1 0
1 1 1 1 0 1
0 2 0 0 1 0
2
0 3
5 3
0 1
5 4

BOARD_START
/*
ID=060602001011103110301201123010210132002200
*/
6 6
3 2 0 0 2 2
1 0 2 1 0 1
0 1 1 2 3 0
1 0 3 0 1 2
1 1 1 0 3 1
0 2 0 0 1 0
2
0 4
2 4
0 5
1 5

BOARD_START
/*
ID=060610002201031001001030302110101032232000
*/
6 6
3 2 2 3 2 0
1 0 1 0 1 0
3 0 3 0 2 1
0 1 0 0 1 0
0 1 0 3 1 0
1 0 0 0 2 2
2
2 3
3 3
0 2
3 4

BOARD_START
/*
ID=060610110010123013012030303210032032020200
*/
6 6
3 2 0 2 0 2
1 0 0 3 2 0
3 0 3 0 3 2
1 3 0 1 2 0
1 0 1 2 3 0
1 0 1 1 0 0
2
3 4
2 1
5 3
3 5

BOARD_START
/*
ID=060600122003112132002202211000203102200200
*/
6 6
0 2 2 0 0 2
0 0 2 0 3 1
0 2 2 1 1 0
3 2 0 0 2 2
0 3 1 1 2 1
0 0 1 2 2 0
2
0 0
3 2
5 4
0 5

BOARD_START
/*
ID=060610220132103010130210100102201132223000
*/
6 6
3 2 2 2 3 0
0 2 2 0 1 1
1 0 1 0 0 1
1 0 1 3 0 2
3 2 1 0 3 0
1 0 2 2 0 1
2
0 1
3 4
0 5
2 1

BOARD_START
/*
ID=060632202010120011202202130011010002322200
*/
6 6
0 2 3 2 2 2
1 1 0 1 0 0
0 2 1 3 0 0
1 1 2 0 2 2
1 0 1 2 0 0
3 2 2 0 2 0
2
0 4
1 2
0 0
2 1

BOARD_START
/*
ID=060602002001031032301102221200322030002200
*/
6 6
3 0 0 0 2 2
0 0 3 2 2 0
0 2 2 2 1 2
3 2 3 0 1 1
0 1 0 3 1 0
0 2 0 0 2 0
2
5 4
0 5
4 2
0 0

BOARD_START
/*
ID=060610012013022100212011021003110132203200
*/
6 6
3 2 2 0 3 2
0 3 1 1 0 1
1 1 0 2 1 0
0 0 2 1 2 0
1 3 0 2 2 1
1 0 0 1 2 0
2
0 5
1 4
3 4
4 1

BOARD_START
/*
ID=060612201000102100102102130110303203222200
*/
6 6
0 3 2 2 2 2
1 0 3 0 3 2
0 2 1 3 0 1
0 0 1 0 2 1
0 0 1 0 2 1
1 2 2 0 1 0
2
0 1
0 4
5 4
1 2

BOARD_START
/*
ID=060610120013130230301013030112101012222000
*/
6 6
1 2 2 2 2 0
1 2 1 0 1 0
1 3 0 3 0 1
3 0 3 0 1 0
1 3 1 3 0 2
1 0 1 2 0 0
2
0 1
1 5
0 0
3 4

BOARD_START
/*
ID=060612222010010110130203003011011232303200
*/
6 6
3 2 3 0 3 2
1 1 0 1 1 2
0 3 0 0 3 0
1 0 1 3 0 2
1 0 0 1 0 1
1 2 2 2 2 0
2
1 4
1 2
3 3
3 5

BOARD_START
/*
ID=060612022003210130120212112000321002202100
*/
6 6
0 2 2 0 2 1
0 0 3 2 1 0
1 2 1 1 2 0
3 0 1 2 0 2
0 3 2 1 0 1
1 2 0 2 2 0
2
3 5
3 3
0 1
4 0

BOARD_START
/*
ID=060612030002322110120110301113003232320200
*/
6 6
3 2 3 2 0 2
1 3 0 0 3 2
1 0 3 0 1 1
1 0 1 2 0 1
0 2 3 2 2 1
1 2 0 3 0 0
2
1 1
4 2
2 3
2 1

BOARD_START
/*
ID=060602200011121011012111121210303033022200
*/
6 6
3 3 0 2 2 2
1 0 3 0 3 0
1 1 1 2 1 2
1 1 0 1 2 1
1 1 1 2 1 0
0 2 2 0 0 0
2
0 3
4 3
1 1
5 0

BOARD_START
/*
ID=060610000100103020301213013010101230223200
*/
6 6
3 0 2 2 3 2
1 0 1 0 1 2
1 3 0 1 3 0
2 0 3 0 1 2
0 0 1 0 3 0
1 0 0 0 0 1
2
4 1
3 5
4 4
3 0

BOARD_START
/*
ID=060612222032100211202012102013230102222100
*/
6 6
0 2 2 2 2 1
1 3 2 3 0 1
1 2 1 0 2 0
1 1 2 0 2 0
3 2 1 0 0 2
1 2 2 2 2 0
2
0 4
4 2
5 3
1 1

BOARD_START
/*
ID=060612001213223002010011233013200132222200
*/
6 6
3 2 2 2 2 2
1 3 2 0 0 1
1 1 2 3 3 0
0 2 0 1 0 0
1 3 2 2 3 0
1 2 0 0 1 2
2
0 2
0 4
5 1
2 0

BOARD_START
/*
ID=060612020022112212221011201110011130232300
*/
6 6
3 0 2 3 2 3
1 0 0 1 1 1
1 1 2 0 1 1
1 2 2 2 1 0
2 2 1 1 2 2
1 2 0 2 0 0
2
2 5
1 0
3 1
1 3

BOARD_START
/*
ID=060600201013120200130011300111123033222200
*/
6 6
3 3 2 2 2 2
1 1 1 2 3 0
1 1 3 0 0 1
0 0 1 3 0 0
1 3 1 2 0 2
0 0 2 0 1 0
2
2 3
0 5
2 1
3 4

BOARD_START
/*
ID=060611001011110110130103221110012002322200
*/
6 6
0 2 3 2 2 2
1 0 0 1 2 0
0 3 2 2 1 1
1 0 1 3 0 1
1 1 1 1 0 1
1 1 0 0 1 0
2
4 2
0 4
3 3
0 5

BOARD_START
/*
ID=060602010012321001000000110232213032220200
*/
6 6
3 2 2 2 0 2
3 2 2 1 3 0
0 0 1 1 0 2
0 1 0 0 0 0
1 2 3 2 1 0
0 2 0 1 0 0
2
2 1
2 3
5 2
0 0

BOARD_START
/*
ID=060612022000110112203013201030031032200300
*/
6 6
3 2 2 0 0 3
3 0 0 3 1 0
1 3 2 0 1 0
1 2 2 0 3 0
0 0 1 1 0 1
1 2 0 2 2 0
2
4 1
4 3
3 2
5 2

BOARD_START
/*
ID=060602201013032032010211001012112002320000
*/
6 6
0 2 3 2 0 0
1 2 1 1 2 0
1 1 0 0 1 0
3 2 0 1 0 2
1 3 0 3 2 0
0 2 2 0 1 0
2
3 5
5 1
1 1
1 5

BOARD_START
/*
ID=060612103010230111003010001212211102212200
*/
6 6
0 2 2 1 2 2
1 2 2 1 1 1
1 0 0 0 1 2
1 1 0 0 3 0
1 0 2 3 0 1
1 2 1 0 3 0
2
1 1
1 0
3 4
2 4

BOARD_START
/*
ID=060601001213103010210013000113000002232000
*/
6 6
0 2 2 3 2 0
1 3 0 0 0 0
1 3 0 0 0 1
1 0 2 1 0 0
1 3 1 0 3 0
0 1 0 0 1 2
2
2 4
2 3
4 1
0 4

BOARD_START
/*
ID=060612020131102012001110011203200130203200
*/
6 6
3 0 2 0 3 2
0 3 2 0 0 1
1 0 0 1 1 2
1 2 0 0 1 1
3 1 1 0 2 0
1 2 0 2 0 1
2
0 1
1 3
0 0
5 2

BOARD_START
/*
ID=060602220132101110231111200011000132002200
*/
6 6
3 2 0 0 2 2
1 1 0 0 0 1
1 1 2 0 0 0
1 0 2 3 1 1
3 2 1 0 1 1
0 2 2 2 0 1
2
3 2
1 0
1 3
1 2

BOARD_START
/*
ID=060612101013213132030010120013232132220200
*/
6 6
3 2 2 2 0 2
1 3 2 3 2 1
1 0 1 2 0 0
3 2 0 3 0 0
1 3 2 1 3 1
1 2 1 0 1 0
2
0 2
3 1
0 3
2 2

BOARD_START
/*
ID=060632012012300111000032110111211030223200
*/
6 6
3 0 2 2 3 2
1 1 2 1 1 0
3 2 1 1 0 1
1 1 0 0 0 0
1 2 3 0 0 1
3 2 0 1 2 0
2
0 2
4 0
1 4
1 1

BOARD_START
/*
ID=060612012013230310003032032010201033202200
*/
6 6
3 3 2 0 2 2
1 0 2 0 1 0
3 2 0 3 2 0
1 0 0 0 3 0
1 3 2 3 0 3
1 2 0 1 2 0
2
0 5
1 1
5 2
0 3

BOARD_START
/*
ID=060610102212102013201000013011321032222300
*/
6 6
3 2 2 2 2 3
1 1 3 2 1 0
0 0 0 1 3 0
1 3 2 0 1 0
1 2 1 0 2 0
1 0 1 0 2 2
2
1 5
2 5
2 1
2 3

BOARD_START
/*
ID=060612202013022232002000320103101022232000
*/
6 6
2 2 2 3 2 0
0 3 1 0 1 0
0 0 3 2 0 1
3 2 0 0 2 0
1 3 0 2 2 2
1 2 2 0 2 0
2
1 4
4 3
2 4
0 0

BOARD_START
/*
ID=060600222012120132210012221211203002010000
*/
6 6
0 2 0 1 0 0
1 1 2 0 3 0
1 2 2 2 1 2
3 2 2 1 0 0
1 2 1 2 0 1
0 0 2 2 2 0
2
1 3
5 0
0 2
0 0

BOARD_START
/*
ID=060612101011132113201011003012322022022000
*/
6 6
2 2 0 2 2 0
1 2 3 2 2 0
1 1 0 0 3 0
1 3 2 0 1 0
1 1 1 3 2 1
1 2 1 0 1 0
2
2 3
4 4
5 4
5 5

BOARD_START
/*
ID=060612203030111212123010212001011132023200
*/
6 6
3 2 0 2 3 2
0 1 0 1 1 1
1 0 2 1 2 0
1 2 1 2 3 0
3 0 1 1 1 2
1 2 2 0 3 0
2
0 2
0 4
3 1
5 3

BOARD_START
/*
ID=060612201013032111210110121132001122223200
*/
6 6
2 2 2 2 3 2
3 2 0 0 1 1
1 0 1 2 1 1
1 1 2 1 0 1
1 3 0 3 2 1
1 2 2 0 1 0
2
4 3
1 1
0 4
3 3

BOARD_START
/*
ID=060612222013220101003213212032000102202000
*/
6 6
0 2 2 0 2 0
3 2 0 0 0 1
1 3 2 1 2 0
0 1 0 0 3 2
1 3 2 2 0 1
1 2 2 2 2 0
2
4 4
0 5
1 2
2 2

BOARD_START
/*
ID=060611001013120112212111000101022102002000
*/
6 6
0 2 0 0 2 0
0 1 0 2 2 1
1 1 0 0 0 1
1 2 2 1 2 1
1 3 1 2 0 1
1 1 0 0 1 0
2
0 1
5 1
0 0
4 3

BOARD_START
/*
ID=060612203013011011011103022110011002002200
*/
6 6
0 2 0 0 2 2
1 0 0 1 1 0
0 3 0 2 2 1
1 1 0 1 1 1
1 3 0 1 1 0
1 2 2 0 3 0
2
4 4
1 2
0 3
3 4

BOARD_START
/*
ID=060612012022110110230112121113222132022200
*/
6 6
3 2 0 2 2 2
1 3 2 2 2 1
1 2 1 2 1 1
1 0 2 3 0 1
2 2 1 1 0 1
1 2 0 1 2 0
2
5 4
0 0
5 2
0 1

BOARD_START
/*
ID=060612220132101010232211012032001222223200
*/
6 6
2 2 2 2 3 2
3 2 0 0 1 2
1 1 0 1 2 0
1 0 2 3 2 2
3 2 1 0 1 0
1 2 2 2 0 1
2
0 1
2 3
1 1
5 5

BOARD_START
/*
ID=060610110001321332000012011012211132222000
*/
6 6
3 2 2 2 2 0
1 2 2 1 1 1
1 2 0 1 1 0
3 2 0 0 0 0
0 1 3 2 1 3
1 0 1 1 0 0
2
0 0
0 3
5 2
2 2

BOARD_START
/*
ID=060612222011102230130010201201321103202200
*/
6 6
0 3 2 0 2 2
0 1 3 2 1 1
1 0 2 0 1 2
3 0 1 3 0 0
1 1 1 0 2 2
1 2 2 2 2 0
2
0 3
3 3
0 2
5 0

BOARD_START
/*
ID=060612202013011230112012110112031002222300
*/
6 6
0 2 2 2 2 3
1 2 0 3 1 0
1 2 1 1 0 1
3 0 1 1 2 0
1 3 0 1 1 2
1 2 2 0 2 0
2
2 5
4 5
3 0
5 5

BOARD_START
/*
ID=060612222013000200302013000020003132232000
*/
6 6
3 2 2 3 2 0
2 0 0 0 3 1
1 3 0 0 0 0
0 0 3 0 2 0
1 3 0 0 0 2
1 2 2 2 2 0
2
1 1
1 5
0 2
4 0

BOARD_START
/*
ID=060612012032111100321212003011232232222000
*/
6 6
3 2 2 2 2 0
1 1 2 3 2 2
1 2 0 0 3 0
0 0 3 2 1 2
3 2 1 1 1 1
1 2 0 1 2 0
2
0 2
2 0
5 2
0 0

BOARD_START
/*
ID=060602201012101100322012120130012032230200
*/
6 6
3 2 2 3 0 2
3 0 0 1 2 0
1 2 1 2 0 1
0 0 3 2 2 0
1 2 1 0 1 1
0 2 2 0 1 0
2
0 4
5 3
4 3
5 0

BOARD_START
/*
ID=060611010013101112103212032030300100023000
*/
6 6
0 0 0 2 3 0
3 0 3 0 0 1
1 2 0 3 2 0
1 2 1 0 3 2
1 3 1 0 1 1
1 1 0 1 0 0
2
4 1
3 3
0 2
4 5

BOARD_START
/*
ID=060612201232113010101203232012010032203200
*/
6 6
3 2 2 0 3 2
1 2 0 1 0 0
0 3 2 3 2 0
1 0 1 0 1 2
3 2 1 1 3 0
1 2 2 0 1 2
2
2 4
3 2
2 0
0 5

BOARD_START
/*
ID=060612020003010112301032223012210132001200
*/
6 6
3 2 0 0 1 2
1 2 2 1 0 1
3 2 2 2 3 0
1 2 3 0 1 0
0 3 0 1 0 1
1 2 0 2 0 0
2
4 1
3 3
5 2
2 1

BOARD_START
/*
ID=060610322013122032210110213211121030202200
*/
6 6
3 0 2 0 2 2
1 1 1 2 1 0
1 0 2 1 3 2
3 2 2 1 0 1
1 3 1 2 2 0
1 0 3 2 2 0
2
4 5
3 2
1 4
3 0

BOARD_START
/*
ID=060610122013012032230010010111303223220200
*/
6 6
2 3 2 2 0 2
1 1 3 0 3 2
1 0 0 1 0 1
3 2 2 3 0 0
1 3 0 1 2 0
1 0 1 2 2 0
2
2 4
4 4
3 0
4 5

BOARD_START
/*
ID=060610110213113011121201221002212012203000
*/
6 6
1 2 2 0 3 0
0 2 2 1 2 0
0 1 2 2 1 0
1 1 1 2 1 2
1 3 1 1 3 0
1 0 1 1 0 2
2
0 3
5 4
3 3
2 2

BOARD_START
/*
ID=060612101011213110220030000110221230202000
*/
6 6
3 0 2 0 2 0
1 0 2 2 1 2
3 0 0 0 0 1
1 0 2 2 0 0
1 1 2 1 3 1
1 2 1 0 1 0
2
2 4
5 1
0 4
5 4

BOARD_START
/*
ID=060610122001111011213010122213300132222200
*/
6 6
3 2 2 2 2 2
1 3 3 0 0 1
1 0 1 2 2 2
1 1 2 1 3 0
0 1 1 1 1 0
1 0 1 2 2 0
2
0 1
4 1
5 1
4 4

BOARD_START
/*
ID=060611001003010012013030011212123032220000
*/
6 6
3 2 2 2 0 0
1 2 1 2 3 0
3 0 0 1 1 2
1 2 0 1 3 0
0 3 0 1 0 0
1 1 0 0 1 0
2
0 5
4 2
0 0
2 4

BOARD_START
/*
ID=060610202003011230111110301012003030232200
*/
6 6
3 0 2 3 2 2
1 2 0 0 3 0
1 0 3 0 1 0
3 0 1 1 1 1
0 3 0 1 1 2
1 0 2 0 2 0
2
0 0
1 1
0 4
4 4

BOARD_START
/*
ID=060632020112103010212112012211321012022300
*/
6 6
1 2 0 2 2 3
1 1 3 2 1 0
1 2 0 1 2 2
1 0 2 1 2 1
1 2 1 0 3 0
3 2 0 2 0 1
2
1 1
3 2
0 0
4 5

BOARD_START
/*
ID=060610012010213032010110030103212102023000
*/
6 6
0 2 0 2 3 0
0 3 2 1 2 1
1 0 0 3 0 1
3 2 0 1 0 1
1 0 2 1 3 0
1 0 0 1 2 0
2
1 4
3 3
0 4
5 4
