
BOARD_START
/*
ID=0505320201212030320101201223000
*/
5 5
1 2 2 3 0
1 0 1 2 0
3 0 3 2 0
1 2 1 2 0
3 2 0 2 0
2
0 1
2 1
0 0
4 4

BOARD_START
/*
ID=0505122000303001302132203022200
*/
5 5
3 0 2 2 2
1 3 2 2 0
0 1 3 0 2
0 3 0 3 0
1 2 2 0 0
2
0 1
4 0
4 2
3 0

BOARD_START
/*
ID=0505101021333011201110110232200
*/
5 5
0 2 3 2 2
1 1 0 1 1
1 1 2 0 1
1 3 3 3 0
1 0 1 0 2
2
0 0
2 1
0 1
1 3

BOARD_START
/*
ID=0505022201132013203000303202000
*/
5 5
3 2 0 2 0
0 0 0 3 0
1 3 2 0 3
1 1 3 2 0
0 2 2 2 0
2
4 3
3 3
2 3
4 4

BOARD_START
/*
ID=0505020000103001303030200200200
*/
5 5
0 2 0 0 2
0 3 0 2 0
0 1 3 0 3
0 1 0 3 0
0 2 0 0 0
2
4 3
1 1
0 4
0 2

BOARD_START
/*
ID=0505121011320130121121000222200
*/
5 5
0 2 2 2 2
1 2 1 0 0
3 0 1 2 1
1 3 2 0 1
1 2 1 0 1
2
2 2
0 1
2 1
3 1

BOARD_START
/*
ID=0505101101302122220112011223200
*/
5 5
1 2 2 3 2
1 1 2 0 1
2 2 2 2 0
1 3 0 2 1
1 0 1 1 0
2
0 1
3 3
0 0
4 2

BOARD_START
/*
ID=0505100002112102301132210222000
*/
5 5
0 2 2 2 0
1 3 2 2 1
0 2 3 0 1
2 1 1 2 1
1 0 0 0 0
2
3 2
0 4
3 1
0 0

BOARD_START
/*
ID=0505101200332111020120123023200
*/
5 5
3 0 2 3 2
1 2 0 1 2
1 1 0 2 0
0 3 3 2 1
1 0 1 2 0
2
0 3
4 3
0 4
3 3

BOARD_START
/*
ID=0505120103112100002103000000200
*/
5 5
0 0 0 0 2
1 0 3 0 0
0 0 0 0 2
3 1 1 2 1
1 2 0 1 0
2
0 0
4 0
2 3
4 1

BOARD_START
/*
ID=0505020123213010301130303202000
*/
5 5
3 2 0 2 0
1 3 0 3 0
1 0 3 0 1
3 2 1 3 0
0 2 0 1 2
2
1 1
0 3
4 1
0 0

BOARD_START
/*
ID=0505120000102113222110102232300
*/
5 5
2 2 3 2 3
1 1 0 1 0
1 3 2 2 2
0 1 0 2 1
1 2 0 0 0
2
0 2
4 4
3 2
4 3

BOARD_START
/*
ID=0505120301221011021131123223000
*/
5 5
3 2 2 3 0
1 3 1 1 2
1 1 0 2 1
1 2 2 1 0
1 2 0 3 0
2
0 4
3 4
0 3
4 3

BOARD_START
/*
ID=0505101200311230130123103022300
*/
5 5
3 0 2 2 3
1 2 3 1 0
3 0 1 3 0
0 3 1 1 2
1 0 1 2 0
2
0 1
1 3
0 0
0 2

BOARD_START
/*
ID=0505101021332001001301200223200
*/
5 5
0 2 2 3 2
3 0 1 2 0
0 1 0 0 1
1 3 3 2 0
1 0 1 0 2
2
2 1
2 2
0 1
4 3

BOARD_START
/*
ID=0505020000212030303030003222000
*/
5 5
3 2 2 2 0
0 3 0 0 0
3 0 3 0 3
0 2 1 2 0
0 2 0 0 0
2
4 1
3 4
0 0
4 4

BOARD_START
/*
ID=0505122203201200220100013023000
*/
5 5
3 0 2 3 0
1 0 0 0 1
0 0 2 2 0
3 2 0 1 2
1 2 2 2 0
2
2 4
1 0
0 0
3 0

BOARD_START
/*
ID=0505020000023030010112301222000
*/
5 5
1 2 2 2 0
1 1 2 3 0
3 0 0 1 0
0 0 2 3 0
0 2 0 0 0
2
4 2
2 4
2 2
3 0

BOARD_START
/*
ID=0505120101032011122113203232000
*/
5 5
3 2 3 2 0
1 1 3 2 0
1 1 1 2 2
1 0 3 2 0
1 2 0 1 0
2
1 1
3 0
0 1
4 1

BOARD_START
/*
ID=0505320001212111202130303220200
*/
5 5
3 2 2 0 2
1 3 0 3 0
1 1 2 0 2
1 2 1 2 1
3 2 0 0 0
2
0 0
4 0
0 2
3 0

BOARD_START
/*
ID=0505120301321211030321002202200
*/
5 5
2 2 0 2 2
3 2 1 0 0
1 1 0 3 0
1 3 2 1 2
1 2 0 3 0
2
0 1
0 3
2 1
1 3

BOARD_START
/*
ID=0505101011310211120132103222000
*/
5 5
3 2 2 2 0
1 3 2 1 0
1 1 1 2 0
1 3 1 0 2
1 0 1 0 1
2
0 0
4 4
4 2
0 1

BOARD_START
/*
ID=0505110001303110012122300222200
*/
5 5
0 2 2 2 2
1 2 2 3 0
1 0 0 1 2
1 3 0 3 1
1 1 0 0 0
2
2 1
3 4
4 2
0 3

BOARD_START
/*
ID=0505022203112012102101300020200
*/
5 5
0 0 2 0 2
1 0 1 3 0
1 2 1 0 2
3 1 1 2 0
0 2 2 2 0
2
4 3
1 2
3 4
2 0

BOARD_START
/*
ID=0505120101032113222110303232200
*/
5 5
3 2 3 2 2
1 1 0 3 0
1 3 2 2 2
1 0 3 2 1
1 2 0 1 0
2
0 0
3 3
2 2
4 2

BOARD_START
/*
ID=0505122001322230120121000000100
*/
5 5
0 0 0 0 1
1 2 1 0 0
3 0 1 2 0
1 3 2 2 2
1 2 2 0 0
2
2 3
0 4
0 2
0 3

BOARD_START
/*
ID=0505122203211200230120013232000
*/
5 5
3 2 3 2 0
1 2 0 0 1
0 0 2 3 0
3 2 1 1 2
1 2 2 2 0
2
0 2
4 1
2 1
1 1

BOARD_START
/*
ID=0505001220012003212010101232200
*/
5 5
1 2 3 2 2
0 1 0 1 0
0 3 2 1 2
0 0 1 2 0
0 0 1 2 2
2
0 2
2 2
3 1
0 3

BOARD_START
/*
ID=0505020101323130100032123202200
*/
5 5
3 2 0 2 2
0 3 2 1 2
3 0 1 0 0
1 3 2 3 1
0 2 0 1 0
2
1 1
2 3
0 3
2 1

BOARD_START
/*
ID=0505122203210010002113203320200
*/
5 5
3 3 2 0 2
1 1 3 2 0
1 0 0 0 2
3 2 1 0 0
1 2 2 2 0
2
0 0
2 0
0 1
1 1

BOARD_START
/*
ID=0505120101112011000130303232200
*/
5 5
3 2 3 2 2
1 3 0 3 0
1 1 0 0 0
1 1 1 2 0
1 2 0 1 0
2
0 0
0 2
4 1
0 3

BOARD_START
/*
ID=0505100021303013022300203022200
*/
5 5
3 0 2 2 2
3 0 0 2 0
1 3 0 2 2
1 3 0 3 0
1 0 0 0 2
2
4 3
0 4
3 4
3 0

BOARD_START
/*
ID=0505120303230100221132201202200
*/
5 5
1 2 0 2 2
1 3 2 2 0
0 0 2 2 1
3 2 3 0 1
1 2 0 3 0
2
1 1
1 2
0 1
1 0

BOARD_START
/*
ID=0505101201311113000112303230200
*/
5 5
3 2 3 0 2
1 1 2 3 0
1 3 0 0 0
1 3 1 1 1
1 0 1 2 0
2
4 2
1 3
0 1
0 0

BOARD_START
/*
ID=0505010101011100100031310202200
*/
5 5
0 2 0 2 2
0 3 1 3 1
0 0 1 0 0
1 0 1 1 1
0 1 0 1 0
2
0 4
3 1
0 3
4 0

BOARD_START
/*
ID=0505000000301132011112313222200
*/
5 5
3 2 2 2 2
1 1 2 3 1
3 2 0 1 1
0 3 0 1 1
0 0 0 0 0
2
4 2
2 0
0 2
4 4

BOARD_START
/*
ID=0505100221311030121113213222200
*/
5 5
3 2 2 2 2
1 1 3 2 1
3 0 1 2 1
1 3 1 1 0
1 0 0 2 2
2
0 1
2 0
1 3
4 1

BOARD_START
/*
ID=0505320201230132001010000232000
*/
5 5
0 2 3 2 0
0 1 0 0 0
3 2 0 0 1
1 2 3 0 1
3 2 0 2 0
2
1 0
4 2
0 3
2 0

BOARD_START
/*
ID=0505122013213010101131113223200
*/
5 5
3 2 2 3 2
1 3 1 1 1
1 0 1 0 1
3 2 1 3 0
1 2 2 0 1
2
1 1
3 0
0 4
4 2

BOARD_START
/*
ID=0505020103032112212100303230200
*/
5 5
3 2 3 0 2
1 0 0 3 0
1 2 2 1 2
3 0 3 2 1
0 2 0 1 0
2
3 2
0 0
0 4
0 3

BOARD_START
/*
ID=0505110301300030010123013222000
*/
5 5
3 2 2 2 0
1 2 3 0 1
3 0 0 1 0
1 3 0 0 0
1 1 0 3 0
2
0 4
0 0
1 3
2 0

BOARD_START
/*
ID=0505100303230010202130001222200
*/
5 5
1 2 2 2 2
1 3 0 0 0
1 0 2 0 2
3 2 3 0 0
1 0 0 3 0
2
2 2
3 4
4 1
1 1

BOARD_START
/*
ID=0505120010111111010022213222200
*/
5 5
3 2 2 2 2
0 2 2 2 1
1 1 0 1 0
0 1 1 1 1
1 2 0 0 1
2
4 1
0 4
4 2
4 0

BOARD_START
/*
ID=0505120120023032201020101230200
*/
5 5
1 2 3 0 2
0 2 0 1 0
3 2 2 0 1
0 0 2 3 0
1 2 0 1 2
2
0 3
1 3
4 1
0 0

BOARD_START
/*
ID=0505101001231100010111213030000
*/
5 5
3 0 3 0 0
1 1 1 2 1
0 0 0 1 0
1 2 3 1 1
1 0 1 0 0
2
0 1
4 4
0 2
4 1

BOARD_START
/*
ID=0505022001212130012020113223000
*/
5 5
3 2 2 3 0
0 2 0 1 1
3 0 0 1 2
1 2 1 2 1
0 2 2 0 0
2
1 2
4 4
0 0
4 3

BOARD_START
/*
ID=0505100101330100120101111203200
*/
5 5
1 2 0 3 2
1 0 1 1 1
0 0 1 2 0
1 3 3 0 1
1 0 0 1 0
2
0 1
1 1
3 3
1 3

BOARD_START
/*
ID=0505120123211010300132000222000
*/
5 5
0 2 2 2 0
1 3 2 0 0
1 0 3 0 0
3 2 1 1 0
1 2 0 1 2
2
0 1
4 0
1 1
4 4

BOARD_START
/*
ID=0505120123210002301010213220200
*/
5 5
3 2 2 0 2
0 1 0 2 1
0 2 3 0 1
3 2 1 0 0
1 2 0 1 2
2
1 1
3 0
2 1
4 0

BOARD_START
/*
ID=0505110011310100211121213020000
*/
5 5
3 0 2 0 0
1 2 1 2 1
0 0 2 1 1
1 3 1 0 1
1 1 0 0 1
2
0 0
4 4
0 1
2 2

BOARD_START
/*
ID=0505120101321011022113203202000
*/
5 5
3 2 0 2 0
1 1 3 2 0
1 1 0 2 2
1 3 2 1 0
1 2 0 1 0
2
0 3
2 1
0 2
1 3

BOARD_START
/*
ID=0505112001213010212130303212000
*/
5 5
3 2 1 2 0
1 3 0 3 0
1 0 2 1 2
1 2 1 3 0
1 1 2 0 0
2
0 3
4 0
0 1
2 0

BOARD_START
/*
ID=0505322001202132210120003212200
*/
5 5
3 2 1 2 2
1 2 0 0 0
3 2 2 1 0
1 2 0 2 1
3 2 2 0 0
2
1 2
4 4
0 0
1 3

BOARD_START
/*
ID=0505122201300130211132213220200
*/
5 5
3 2 2 0 2
1 3 2 2 1
3 0 2 1 1
1 3 0 0 1
1 2 2 2 0
2
4 1
2 2
0 2
2 1

BOARD_START
/*
ID=0505100101330032031001003322300
*/
5 5
3 3 2 2 3
0 0 1 0 0
3 2 0 3 1
1 3 3 0 0
1 0 0 1 0
2
3 3
0 2
3 0
1 0

BOARD_START
/*
ID=0505120303210211230100001220300
*/
5 5
1 2 2 0 3
1 0 0 0 0
1 1 2 3 0
3 2 1 0 2
1 2 0 3 0
2
1 1
4 4
0 4
1 2

BOARD_START
/*
ID=0505122011322110000110312232200
*/
5 5
2 2 3 2 2
1 1 0 3 1
1 0 0 0 0
1 3 2 2 1
1 2 2 0 1
2
2 1
4 0
0 3
4 1

BOARD_START
/*
ID=0505022203210111232121200000200
*/
5 5
0 0 0 0 2
1 2 1 2 0
1 1 2 3 2
3 2 1 0 1
0 2 2 2 0
2
0 3
3 4
0 0
1 3

BOARD_START
/*
ID=0505122200110202101122303222200
*/
5 5
3 2 2 2 2
1 2 2 3 0
0 2 1 0 1
0 1 1 0 2
1 2 2 2 0
2
4 1
4 3
1 2
2 4

BOARD_START
/*
ID=0505122012212102212110103232200
*/
5 5
3 2 3 2 2
1 1 0 1 0
0 2 2 1 2
2 2 1 2 1
1 2 2 0 1
2
1 1
2 0
3 4
1 2

BOARD_START
/*
ID=0505120301230012220110223222200
*/
5 5
3 2 2 2 2
1 1 0 2 2
1 2 2 2 0
1 2 3 0 0
1 2 0 3 0
2
0 2
1 0
1 1
3 1

BOARD_START
/*
ID=0505122201303210320100023320200
*/
5 5
3 3 2 0 2
1 0 0 0 2
1 0 3 2 0
1 3 0 3 2
1 2 2 2 0
2
2 3
4 0
4 4
1 2

BOARD_START
/*
ID=0505100123211002301110303000200
*/
5 5
3 0 0 0 2
1 1 0 3 0
0 2 3 0 1
3 2 1 1 0
1 0 0 1 2
2
2 1
4 4
3 1
4 0

BOARD_START
/*
ID=0505320001210030221101010203200
*/
5 5
0 2 0 3 2
1 0 1 0 1
3 0 2 2 1
1 2 1 0 0
3 2 0 0 0
2
1 0
2 1
0 0
1 1

BOARD_START
/*
ID=0505122203212200112110303222000
*/
5 5
3 2 2 2 0
1 1 0 3 0
0 0 1 1 2
3 2 1 2 2
1 2 2 2 0
2
1 1
3 3
0 1
2 3

BOARD_START
/*
ID=0505120103201112321100213232000
*/
5 5
3 2 3 2 0
1 0 0 2 1
1 2 3 2 1
3 2 0 1 1
1 2 0 1 0
2
0 3
3 0
2 0
0 0

BOARD_START
/*
ID=0505122201112232300102112322200
*/
5 5
2 3 2 2 2
1 0 2 1 1
3 2 3 0 0
1 1 1 2 2
1 2 2 2 0
2
1 2
4 3
0 1
2 2

BOARD_START
/*
ID=0505122011301000321100003220200
*/
5 5
3 2 2 0 2
1 0 0 0 0
0 0 3 2 1
1 3 0 1 0
1 2 2 0 1
2
0 1
0 3
1 1
2 1

BOARD_START
/*
ID=0505020003203111010120203223000
*/
5 5
3 2 2 3 0
1 2 0 2 0
1 1 0 1 0
3 2 0 3 1
0 2 0 0 0
2
0 2
0 4
4 3
0 0

BOARD_START
/*
ID=0505120003112212320001200200200
*/
5 5
0 2 0 0 2
0 0 1 2 0
1 2 3 2 0
3 1 1 2 2
1 2 0 0 0
2
3 1
3 0
2 3
1 1

BOARD_START
/*
ID=0505101201201130020132200022200
*/
5 5
0 0 2 2 2
1 3 2 2 0
3 0 0 2 0
1 2 0 1 1
1 0 1 2 0
2
0 0
1 2
0 4
0 1

BOARD_START
/*
ID=0505101201330311030011203232200
*/
5 5
3 2 3 2 2
0 1 1 2 0
1 1 0 3 0
1 3 3 0 3
1 0 1 2 0
2
2 1
1 1
0 0
1 4

BOARD_START
/*
ID=0505020223110012321301010223200
*/
5 5
0 2 2 3 2
3 0 1 0 1
1 2 3 2 1
3 1 1 0 0
0 2 0 2 2
2
3 3
0 4
3 2
1 0

BOARD_START
/*
ID=0505120103032100001123123002200
*/
5 5
3 0 0 2 2
1 2 3 1 2
0 0 0 0 1
3 0 3 2 1
1 2 0 1 0
2
4 2
2 2
4 4
2 0

BOARD_START
/*
ID=0505122001301132110122113022000
*/
5 5
3 0 2 2 0
1 2 2 1 1
3 2 1 1 0
1 3 0 1 1
1 2 2 0 0
2
1 2
4 4
4 2
3 2

BOARD_START
/*
ID=0505120201130113011121303223000
*/
5 5
3 2 2 3 0
1 2 1 3 0
1 3 0 1 1
1 1 3 0 1
1 2 0 2 0
2
0 1
4 2
0 3
1 3

BOARD_START
/*
ID=0505120303232000122113003322200
*/
5 5
3 3 2 2 2
1 1 3 0 0
0 0 1 2 2
3 2 3 2 0
1 2 0 3 0
2
1 3
4 0
2 1
1 0

BOARD_START
/*
ID=0505120203210000232101200223200
*/
5 5
0 2 2 3 2
1 0 1 2 0
0 0 2 3 2
3 2 1 0 0
1 2 0 2 0
2
0 0
4 4
2 0
4 2

BOARD_START
/*
ID=0505120120203012301022210222200
*/
5 5
0 2 2 2 2
0 2 2 2 1
1 2 3 0 1
0 2 0 3 0
1 2 0 1 2
2
0 0
0 4
0 3
1 4

BOARD_START
/*
ID=0505010300330130000120301222200
*/
5 5
1 2 2 2 2
1 2 0 3 0
3 0 0 0 0
0 3 3 0 1
0 1 0 3 0
2
0 2
0 0
0 3
0 1

BOARD_START
/*
ID=0505120201112211320321003223000
*/
5 5
3 2 2 3 0
3 2 1 0 0
1 1 3 2 0
1 1 1 2 2
1 2 0 2 0
2
0 3
3 2
1 1
4 0

BOARD_START
/*
ID=0505120203102012110110113230300
*/
5 5
3 2 3 0 3
1 1 0 1 1
1 2 1 1 0
3 1 0 2 0
1 2 0 2 0
2
0 2
4 4
0 0
2 1

BOARD_START
/*
ID=0505120001111330030101103322300
*/
5 5
3 3 2 2 3
1 0 1 1 0
3 0 0 3 0
1 1 1 1 3
1 2 0 0 0
2
0 0
2 0
3 0
4 2

BOARD_START
/*
ID=0505002203012010222030103202300
*/
5 5
3 2 0 2 3
0 3 0 1 0
1 0 2 2 2
3 0 1 2 0
0 0 2 2 0
2
4 1
1 1
1 3
2 4

BOARD_START
/*
ID=0505102200302230200121003223000
*/
5 5
3 2 2 3 0
1 2 1 0 0
3 0 2 0 0
0 3 0 2 2
1 0 2 2 0
2
0 4
4 2
0 0
1 4

BOARD_START
/*
ID=0505010101322110202110113202000
*/
5 5
3 2 0 2 0
1 1 0 1 1
1 0 2 0 2
1 3 2 2 1
0 1 0 1 0
2
2 2
0 0
0 3
2 0

BOARD_START
/*
ID=0505120101132011320132013202300
*/
5 5
3 2 0 2 3
1 3 2 0 1
1 1 3 2 0
1 1 3 2 0
1 2 0 1 0
2
4 1
4 0
4 2
4 4

BOARD_START
/*
ID=0505120301321010200010313032000
*/
5 5
3 0 3 2 0
0 1 0 3 1
1 0 2 0 0
1 3 2 1 0
1 2 0 3 0
2
0 2
0 3
0 1
0 0

BOARD_START
/*
ID=0505012201312210030110202022200
*/
5 5
2 0 2 2 2
1 1 0 2 0
1 0 0 3 0
1 3 1 2 2
0 1 2 2 0
2
1 2
3 4
0 2
4 4

BOARD_START
/*
ID=0505120223012012301110303232200
*/
5 5
3 2 3 2 2
1 1 0 3 0
1 2 3 0 1
3 0 1 2 0
1 2 0 2 2
2
4 3
2 4
0 1
1 2

BOARD_START
/*
ID=0505122200130113022123200202000
*/
5 5
0 2 0 2 0
1 2 3 2 0
1 3 0 2 2
0 1 3 0 1
1 2 2 2 0
2
0 0
2 1
4 1
2 3

BOARD_START
/*
ID=0505120021113001001032223220200
*/
5 5
3 2 2 0 2
0 3 2 2 2
0 1 0 0 1
1 1 1 3 0
1 2 0 0 2
2
2 3
4 0
1 1
4 4

BOARD_START
/*
ID=0505020303230010102111302202200
*/
5 5
2 2 0 2 2
1 1 1 3 0
1 0 1 0 2
3 2 3 0 0
0 2 0 3 0
2
2 2
0 1
2 1
0 0

BOARD_START
/*
ID=0505020102211100221101003303000
*/
5 5
3 3 0 3 0
1 0 1 0 0
0 0 2 2 1
2 2 1 1 1
0 2 0 1 0
2
0 2
1 0
0 1
3 2

BOARD_START
/*
ID=0505100300130102110010302222200
*/
5 5
2 2 2 2 2
0 1 0 3 0
0 2 1 1 0
0 1 3 0 1
1 0 0 3 0
2
0 0
4 2
0 3
4 0

BOARD_START
/*
ID=0505320101230032001112313222000
*/
5 5
3 2 2 2 0
1 1 2 3 1
3 2 0 0 1
1 2 3 0 0
3 2 0 1 0
2
4 2
0 3
2 1
4 0

BOARD_START
/*
ID=0505122201001201110301312232200
*/
5 5
2 2 3 2 2
3 0 1 3 1
0 1 1 1 0
1 0 0 1 2
1 2 2 2 0
2
0 1
4 4
1 3
2 4

BOARD_START
/*
ID=0505100103200012301110301012200
*/
5 5
1 0 1 2 2
1 1 0 3 0
1 2 3 0 1
3 2 0 0 0
1 0 0 1 0
2
2 0
2 1
0 4
3 4

BOARD_START
/*
ID=0505101001330132001112313222200
*/
5 5
3 2 2 2 2
1 1 2 3 1
3 2 0 0 1
1 3 3 0 1
1 0 1 0 0
2
0 2
3 2
0 0
4 0

BOARD_START
/*
ID=0505100121313012200130210223200
*/
5 5
0 2 2 3 2
1 3 0 2 1
1 2 2 0 0
1 3 1 3 0
1 0 0 1 2
2
4 3
4 4
1 4
2 2
