
BOARD_START
/*
ID=0404110113111230000200
*/
4 4
0 0 0 2
1 2 3 0
1 3 1 1
1 1 0 1
2
2 1
0 3
3 2
0 1

BOARD_START
/*
ID=0404101213001300020100
*/
4 4
0 2 0 1
1 3 0 0
1 3 0 0
1 0 1 2
2
0 2
0 0
0 3
2 1

BOARD_START
/*
ID=0404101010313220302000
*/
4 4
3 0 2 0
3 2 2 0
1 0 3 1
1 0 1 0
2
3 2
3 0
3 1
0 2

BOARD_START
/*
ID=0404020011131130332200
*/
4 4
3 3 2 2
1 1 3 0
1 1 1 3
0 2 0 0
2
0 3
2 3
0 1
0 0

BOARD_START
/*
ID=0404122013031030330000
*/
4 4
3 3 0 0
1 0 3 0
1 3 0 3
1 2 2 0
2
1 1
0 3
0 0
3 0

BOARD_START
/*
ID=0404120031121230322200
*/
4 4
3 2 2 2
1 2 3 0
3 1 1 2
1 2 0 0
2
1 1
1 2
2 3
0 0

BOARD_START
/*
ID=0404120132001012032200
*/
4 4
0 3 2 2
1 0 1 2
3 2 0 0
1 2 0 1
2
1 1
3 0
0 2
3 1

BOARD_START
/*
ID=0404122211001300220200
*/
4 4
2 2 0 2
1 3 0 0
1 1 0 0
1 2 2 2
2
0 0
3 0
1 1
0 1

BOARD_START
/*
ID=0404120011123230320000
*/
4 4
3 2 0 0
3 2 3 0
1 1 1 2
1 2 0 0
2
3 1
2 1
3 2
2 3

BOARD_START
/*
ID=0404100013101121023000
*/
4 4
0 2 3 0
1 1 2 1
1 3 1 0
1 0 0 0
2
0 3
3 0
2 1
2 2

BOARD_START
/*
ID=0404103010123030300000
*/
4 4
3 0 0 0
3 0 3 0
1 0 1 2
1 0 3 0
2
0 0
0 2
3 2
1 2

BOARD_START
/*
ID=0404101000110301020300
*/
4 4
0 2 0 3
0 3 0 1
0 0 1 1
1 0 1 0
2
0 3
0 1
0 0
0 2

BOARD_START
/*
ID=0404120031111031320200
*/
4 4
3 2 0 2
1 0 3 1
3 1 1 1
1 2 0 0
2
3 2
2 1
0 0
3 1

BOARD_START
/*
ID=0404101203000101323000
*/
4 4
3 2 3 0
0 1 0 1
0 3 0 0
1 0 1 2
2
0 1
0 2
0 0
0 3

BOARD_START
/*
ID=0404101013111000320300
*/
4 4
3 2 0 3
1 0 0 0
1 3 1 1
1 0 1 0
2
0 3
3 3
0 0
2 0

BOARD_START
/*
ID=0404000102301001321200
*/
4 4
3 2 1 2
1 0 0 1
0 2 3 0
0 0 0 1
2
0 0
2 1
0 3
0 1

BOARD_START
/*
ID=0404121003201010022000
*/
4 4
0 2 2 0
1 0 1 0
0 3 2 0
1 2 1 0
2
2 2
0 3
0 2
2 1

BOARD_START
/*
ID=0404120201301022322000
*/
4 4
3 2 2 0
1 0 2 2
0 1 3 0
1 2 0 2
2
3 3
0 1
3 2
3 0

BOARD_START
/*
ID=0404020201300301323200
*/
4 4
3 2 3 2
0 3 0 1
0 1 3 0
0 2 0 2
2
1 1
0 0
2 2
1 0

BOARD_START
/*
ID=0404020032121221322200
*/
4 4
3 2 2 2
1 2 2 1
3 2 1 2
0 2 0 0
2
3 2
1 0
2 0
3 3

BOARD_START
/*
ID=0404000003011211302300
*/
4 4
3 0 2 3
1 2 1 1
0 3 0 1
0 0 0 0
2
0 3
3 3
0 1
2 1

BOARD_START
/*
ID=0404100211301000203200
*/
4 4
2 0 3 2
1 0 0 0
1 1 3 0
1 0 0 2
2
0 2
0 0
0 3
3 0

BOARD_START
/*
ID=0404122013222010122300
*/
4 4
1 2 2 3
2 0 1 0
1 3 2 2
1 2 2 0
2
1 2
3 3
2 1
3 2

BOARD_START
/*
ID=0404122003011132320200
*/
4 4
3 2 0 2
1 1 3 2
0 3 0 1
1 2 2 0
2
0 1
0 0
1 1
1 3

BOARD_START
/*
ID=0404102013010010322300
*/
4 4
3 2 2 3
0 0 1 0
1 3 0 1
1 0 2 0
2
0 3
2 1
0 1
3 2

BOARD_START
/*
ID=0404101010101301022200
*/
4 4
0 2 2 2
1 3 0 1
1 0 1 0
1 0 1 0
2
0 0
2 1
3 1
1 1

BOARD_START
/*
ID=0404122003013220322200
*/
4 4
3 2 2 2
3 2 2 0
0 3 0 1
1 2 2 0
2
2 1
2 0
1 1
1 0

BOARD_START
/*
ID=0404120011301010123200
*/
4 4
1 2 3 2
1 0 1 0
1 1 3 0
1 2 0 0
2
2 2
1 2
1 1
3 2

BOARD_START
/*
ID=0404122013221000322300
*/
4 4
3 2 2 3
1 0 0 0
1 3 2 2
1 2 2 0
2
0 2
0 0
0 3
3 0

BOARD_START
/*
ID=0404101013103021320200
*/
4 4
3 2 0 2
3 0 2 1
1 3 1 0
1 0 1 0
2
3 0
0 1
0 0
1 0

BOARD_START
/*
ID=0404120010013211322000
*/
4 4
3 2 2 0
3 2 1 1
1 0 0 1
1 2 0 0
2
0 1
1 1
0 0
0 3

BOARD_START
/*
ID=0404101013211202300000
*/
4 4
3 0 0 0
1 2 0 2
1 3 2 1
1 0 1 0
2
2 1
1 0
3 1
0 1

BOARD_START
/*
ID=0404102013011101330000
*/
4 4
3 3 0 0
1 1 0 1
1 3 0 1
1 0 2 0
2
0 2
2 1
0 3
1 1

BOARD_START
/*
ID=0404320012010221302200
*/
4 4
3 0 2 2
0 2 2 1
1 2 0 1
3 2 0 0
2
0 1
3 3
0 0
3 2

BOARD_START
/*
ID=0404100230301000322300
*/
4 4
3 2 2 3
1 0 0 0
3 0 3 0
1 0 0 2
2
0 3
2 0
2 2
3 3

BOARD_START
/*
ID=0404120031301010320300
*/
4 4
3 2 0 3
1 0 1 0
3 1 3 0
1 2 0 0
2
2 0
0 0
1 1
0 3

BOARD_START
/*
ID=0404012000120121102200
*/
4 4
1 0 2 2
0 1 2 1
0 0 1 2
0 1 2 0
2
2 3
3 3
3 2
3 1

BOARD_START
/*
ID=0404102213200001302200
*/
4 4
3 0 2 2
0 0 0 1
1 3 2 0
1 0 2 2
2
0 2
3 2
2 1
0 3

BOARD_START
/*
ID=0404122013223000322300
*/
4 4
3 2 2 3
3 0 0 0
1 3 2 2
1 2 2 0
2
2 2
1 3
0 1
0 3

BOARD_START
/*
ID=0404120111301112023200
*/
4 4
0 2 3 2
1 1 1 2
1 1 3 0
1 2 0 1
2
1 1
3 2
0 1
2 2

BOARD_START
/*
ID=0404122003010101332200
*/
4 4
3 3 2 2
0 1 0 1
0 3 0 1
1 2 2 0
2
0 0
3 3
1 2
0 2

BOARD_START
/*
ID=0404300012010321222200
*/
4 4
2 2 2 2
0 3 2 1
1 2 0 1
3 0 0 0
2
0 0
2 0
2 1
1 2

BOARD_START
/*
ID=0404122213201001312000
*/
4 4
3 1 2 0
1 0 0 1
1 3 2 0
1 2 2 2
2
1 3
2 0
1 1
0 0

BOARD_START
/*
ID=0404020130011230322200
*/
4 4
3 2 2 2
1 2 3 0
3 0 0 1
0 2 0 1
2
2 0
0 0
0 3
2 2

BOARD_START
/*
ID=0404120032201012032200
*/
4 4
0 3 2 2
1 0 1 2
3 2 2 0
1 2 0 0
2
0 1
3 0
1 1
2 2

BOARD_START
/*
ID=0404120132301122000000
*/
4 4
0 0 0 0
1 1 2 2
3 2 3 0
1 2 0 1
2
1 1
3 0
0 2
1 2

BOARD_START
/*
ID=0404122010030030022200
*/
4 4
0 2 2 2
0 0 3 0
1 0 0 3
1 2 2 0
2
2 3
3 0
0 1
3 1

BOARD_START
/*
ID=0404021001111021020200
*/
4 4
0 2 0 2
1 0 2 1
0 1 1 1
0 2 1 0
2
0 2
3 0
0 3
0 0

BOARD_START
/*
ID=0404110013120230322000
*/
4 4
3 2 2 0
0 2 3 0
1 3 1 2
1 1 0 0
2
3 2
2 3
3 1
0 3

BOARD_START
/*
ID=0404122000201301000300
*/
4 4
0 0 0 3
1 3 0 1
0 0 2 0
1 2 2 0
2
2 2
0 0
3 1
3 0

BOARD_START
/*
ID=0404121003211012300000
*/
4 4
3 0 0 0
1 0 1 2
0 3 2 1
1 2 1 0
2
0 3
2 1
1 1
0 1

BOARD_START
/*
ID=0404000210201301023000
*/
4 4
0 2 3 0
1 3 0 1
1 0 2 0
0 0 0 2
2
0 3
3 2
1 3
3 1

BOARD_START
/*
ID=0404120113211300320000
*/
4 4
3 2 0 0
1 3 0 0
1 3 2 1
1 2 0 1
2
2 1
0 2
0 3
0 0

BOARD_START
/*
ID=0404020113211300200000
*/
4 4
2 0 0 0
1 3 0 0
1 3 2 1
0 2 0 1
2
2 1
0 2
0 0
3 3

BOARD_START
/*
ID=0404101013103221022200
*/
4 4
0 2 2 2
3 2 2 1
1 3 1 0
1 0 1 0
2
3 2
1 1
3 0
2 0

BOARD_START
/*
ID=0404122003013021322200
*/
4 4
3 2 2 2
3 0 2 1
0 3 0 1
1 2 2 0
2
1 2
1 0
2 1
2 0

BOARD_START
/*
ID=0404120120301222322000
*/
4 4
3 2 2 0
1 2 2 2
2 0 3 0
1 2 0 1
2
3 3
3 0
2 0
2 1

BOARD_START
/*
ID=0404102001101011320300
*/
4 4
3 2 0 3
1 0 1 1
0 1 1 0
1 0 2 0
2
0 1
3 3
1 2
3 2

BOARD_START
/*
ID=0404012013121200302200
*/
4 4
3 0 2 2
1 2 0 0
1 3 1 2
0 1 2 0
2
0 3
0 1
0 2
2 0

BOARD_START
/*
ID=0404020031101030322000
*/
4 4
3 2 2 0
1 0 3 0
3 1 1 0
0 2 0 0
2
0 1
2 2
1 1
1 0

BOARD_START
/*
ID=0404112010121200002200
*/
4 4
0 0 2 2
1 2 0 0
1 0 1 2
1 1 2 0
2
0 2
0 0
0 1
2 0

BOARD_START
/*
ID=0404122003011210122300
*/
4 4
1 2 2 3
1 2 1 0
0 3 0 1
1 2 2 0
2
3 1
1 2
0 1
1 1

BOARD_START
/*
ID=0404122032121011030200
*/
4 4
0 3 0 2
1 0 1 1
3 2 1 2
1 2 2 0
2
0 3
1 3
1 1
2 1

BOARD_START
/*
ID=0404122032000021002200
*/
4 4
0 0 2 2
0 0 2 1
3 2 0 0
1 2 2 0
2
2 0
2 2
1 1
2 1

BOARD_START
/*
ID=0404120111001112323200
*/
4 4
3 2 3 2
1 1 1 2
1 1 0 0
1 2 0 1
2
3 3
0 2
0 3
1 0

BOARD_START
/*
ID=0404100112111030030200
*/
4 4
0 3 0 2
1 0 3 0
1 2 1 1
1 0 0 1
2
0 2
3 0
0 3
2 3

BOARD_START
/*
ID=0404120001301012023000
*/
4 4
0 2 3 0
1 0 1 2
0 1 3 0
1 2 0 0
2
0 2
0 0
0 1
0 3

BOARD_START
/*
ID=0404012003100220020000
*/
4 4
0 2 0 0
0 2 2 0
0 3 1 0
0 1 2 0
2
0 2
3 3
3 1
0 3

BOARD_START
/*
ID=0404100103210000300200
*/
4 4
3 0 0 2
0 0 0 0
0 3 2 1
1 0 0 1
2
0 0
0 3
2 2
2 3

BOARD_START
/*
ID=0404320212103021302000
*/
4 4
3 0 2 0
3 0 2 1
1 2 1 0
3 2 0 2
2
3 2
2 1
3 0
2 0

BOARD_START
/*
ID=0404101213000300322100
*/
4 4
3 2 2 1
0 3 0 0
1 3 0 0
1 0 1 2
2
0 1
3 2
0 3
2 0

BOARD_START
/*
ID=0404122203201012212200
*/
4 4
2 1 2 2
1 0 1 2
0 3 2 0
1 2 2 2
2
3 3
3 0
1 2
2 1

BOARD_START
/*
ID=0404022013221001023200
*/
4 4
0 2 3 2
1 0 0 1
1 3 2 2
0 2 2 0
2
1 1
0 0
1 2
0 3

BOARD_START
/*
ID=0404020000310322222200
*/
4 4
2 2 2 2
0 3 2 2
0 0 3 1
0 2 0 0
2
3 3
2 1
2 2
1 2

BOARD_START
/*
ID=0404112003121210300200
*/
4 4
3 0 0 2
1 2 1 0
0 3 1 2
1 1 2 0
2
1 2
2 3
0 1
0 0

BOARD_START
/*
ID=0404120011311022022000
*/
4 4
0 2 2 0
1 0 2 2
1 1 3 1
1 2 0 0
2
3 3
0 1
3 2
3 0

BOARD_START
/*
ID=0404022032010222320200
*/
4 4
3 2 0 2
0 2 2 2
3 2 0 1
0 2 2 0
2
3 2
1 0
1 2
0 1

BOARD_START
/*
ID=0404122013023010022300
*/
4 4
0 2 2 3
3 0 1 0
1 3 0 2
1 2 2 0
2
1 2
3 0
0 3
0 0

BOARD_START
/*
ID=0404102013011010303000
*/
4 4
3 0 3 0
1 0 1 0
1 3 0 1
1 0 2 0
2
0 3
0 0
2 1
1 3

BOARD_START
/*
ID=0404022032120211122200
*/
4 4
1 2 2 2
0 2 1 1
3 2 1 2
0 2 2 0
2
0 0
2 1
0 1
1 3

BOARD_START
/*
ID=0404010003201201321000
*/
4 4
3 2 1 0
1 2 0 1
0 3 2 0
0 1 0 0
2
0 2
3 0
2 2
1 1

BOARD_START
/*
ID=0404112013101121322200
*/
4 4
3 2 2 2
1 1 2 1
1 3 1 0
1 1 2 0
2
1 2
1 1
0 1
3 1

BOARD_START
/*
ID=0404020101101320302000
*/
4 4
3 0 2 0
1 3 2 0
0 1 1 0
0 2 0 1
2
3 2
0 1
1 1
0 2

BOARD_START
/*
ID=0404002013013010323000
*/
4 4
3 2 3 0
3 0 1 0
1 3 0 1
0 0 2 0
2
0 1
2 1
3 0
0 0

BOARD_START
/*
ID=0404102030111222122200
*/
4 4
1 2 2 2
1 2 2 2
3 0 1 1
1 0 2 0
2
3 2
1 0
2 0
2 2

BOARD_START
/*
ID=0404122211100320022200
*/
4 4
0 2 2 2
0 3 2 0
1 1 1 0
1 2 2 2
2
0 2
1 3
3 1
3 2

BOARD_START
/*
ID=0404122201001000302000
*/
4 4
3 0 2 0
1 0 0 0
0 1 0 0
1 2 2 2
2
1 3
1 1
0 3
2 0

BOARD_START
/*
ID=0404122010103000322300
*/
4 4
3 2 2 3
3 0 0 0
1 0 1 0
1 2 2 0
2
3 0
2 0
0 0
1 0

BOARD_START
/*
ID=0404122023000021320200
*/
4 4
3 2 0 2
0 0 2 1
2 3 0 0
1 2 2 0
2
0 0
3 3
1 1
1 0

BOARD_START
/*
ID=0404022003001110103200
*/
4 4
1 0 3 2
1 1 1 0
0 3 0 0
0 2 2 0
2
1 1
3 1
2 1
1 3

BOARD_START
/*
ID=0404101003033000002000
*/
4 4
0 0 2 0
3 0 0 0
0 3 0 3
1 0 1 0
2
0 0
3 0
2 3
3 2

BOARD_START
/*
ID=0404122001110002322200
*/
4 4
3 2 2 2
0 0 0 2
0 1 1 1
1 2 2 0
2
0 1
0 0
3 3
1 3

BOARD_START
/*
ID=0404120111321300322200
*/
4 4
3 2 2 2
1 3 0 0
1 1 3 2
1 2 0 1
2
2 2
0 1
1 1
0 2

BOARD_START
/*
ID=0404012013101200322000
*/
4 4
3 2 2 0
1 2 0 0
1 3 1 0
0 1 2 0
2
3 1
0 3
2 1
3 3

BOARD_START
/*
ID=0404100212101320302200
*/
4 4
3 0 2 2
1 3 2 0
1 2 1 0
1 0 0 2
2
0 1
0 2
0 3
1 3

BOARD_START
/*
ID=0404220200303010102300
*/
4 4
1 0 2 3
3 0 1 0
0 0 3 0
2 2 0 2
2
1 1
0 3
3 0
1 2

BOARD_START
/*
ID=0404120132101030312200
*/
4 4
3 1 2 2
1 0 3 0
3 2 1 0
1 2 0 1
2
1 1
1 3
0 1
0 3

BOARD_START
/*
ID=0404012013101121222200
*/
4 4
2 2 2 2
1 1 2 1
1 3 1 0
0 1 2 0
2
0 2
0 1
3 2
1 1

BOARD_START
/*
ID=0404020110321300022200
*/
4 4
0 2 2 2
1 3 0 0
1 0 3 2
0 2 0 1
2
0 2
0 0
1 1
0 1

BOARD_START
/*
ID=0404122013011121321000
*/
4 4
3 2 1 0
1 1 2 1
1 3 0 1
1 2 2 0
2
1 1
3 0
0 0
2 0
